"Subject" "Activity" "Body.Acceleration.X.Mean" "Body.Acceleration.Y.Mean" "Body.Acceleration.Z.Mean" "Body.Gyroscope.X.Mean" "Body.Gyroscope.Y.Mean" "Body.Gyroscope.Z.Mean" "Total.Acceleration.X.Mean" "Total.Acceleration.Y.Mean" "Total.Acceleration.Z.Mean" "Body.Acceleration.X.Std" "Body.Acceleration.Y.Std" "Body.Acceleration.Z.Std" "Body.Gyroscope.X.Std" "Body.Gyroscope.Y.Std" "Body.Gyroscope.Z.Std" "Total.Acceleration.X.Std" "Total.Acceleration.Y.Std" "Total.Acceleration.Z.Std"
1 1 -0.010574450988166 -0.00570665205463453 -0.0104304634818287 -0.194186817345446 -0.0362831807592872 -0.021567948978174 -0.123795272089248 -0.2991938206373 -0.353172612592664 0.331248925654616 0.182982718630507 0.172061351248123 0.590250131423052 0.664433657955097 0.409948586893123 0.00837690280915496 0.203785175544311 0.194094230113464
2 1 -0.00370352675583594 -0.00341291982935286 -0.00445201479294759 -0.227071467540551 -0.0299057863098698 -0.0142448617716198 -0.0201704198310169 -0.291535963224542 -0.32671588222737 0.2920550375164 0.173981781539545 0.13993980156131 0.481814938599583 0.533968564770877 0.337206833203757 0.00669376638275987 0.161878146901618 0.151062321575611
3 1 -0.00273239684713268 0.00178905728473547 -0.0103911605827906 -0.140566789961102 -0.0136396683408621 -0.038579698202744 0.0436765687777549 -0.302287830845581 -0.308974661679413 0.284130647481677 0.164520510086936 0.130461087925764 0.492345849798636 0.41979430265049 0.301925542122557 0.00873884507002537 0.135234186322508 0.117671488104894
4 1 -0.00298749082946278 -0.00351664876657227 -0.00493818082629221 -0.116042321930099 -0.00676735950863607 -0.0247425240489067 0.115506460558757 -0.275651425645842 -0.247940444967903 0.259722868446514 0.162316918009873 0.127003977896404 0.445462139710968 0.439412871361049 0.316625099417188 0.00873950020565393 0.137758272092079 0.103729774548824
5 1 -0.00328623179679427 -0.00888588710660156 -0.00366036510819792 -0.0638685423616042 -0.0170921670452969 -0.0184289594696354 0.179011822604167 -0.278436761967083 -0.208306045480104 0.227312841071271 0.144779568852498 0.115307566537627 0.453227154262417 0.466430496658603 0.310950047098539 0.0069123581909445 0.103285076320904 0.105829120060464
6 1 -0.00258524509007223 -0.000112497218348924 -0.00506513127503048 -0.0854089990578022 -0.00271827171203715 -0.0233980837320932 0.255702737330483 -0.245521245986865 -0.187461177201843 0.260004420321615 0.119825899446604 0.118933754266794 0.424241081095934 0.410797348683959 0.268428242645194 0.0317974927454939 0.136304742679327 0.114970443871676
7 1 -0.0017183385353736 -0.00849381331950084 -0.00194334808865527 -0.0285513381457282 -0.0208747271015485 -0.0152920942571784 0.936480673882115 -0.259030720070777 -0.143771160680903 0.241809314726476 0.0800058328790727 0.0863039406404426 0.382934545256284 0.299216377519162 0.219061209970553 0.356610967288274 0.137944674705155 0.0933887327070091
8 1 -0.00227034789600184 0.00125823179575614 -0.000994715334890778 -0.0150941890912638 -0.0224889789878873 -0.00680649305441916 0.962642727588848 -0.22866516975723 -0.132930745828434 0.239859486543042 0.0591374646601184 0.0541246029720186 0.236602389413672 0.197604400384609 0.152440013285065 0.302236571422655 0.127739680515981 0.119782295222264
9 1 -0.00145521395398437 -0.00156714595354883 0.000459374328452093 -0.045874740388019 0.00281559578262137 -0.0108131940919894 0.960571485044643 -0.230767061802372 -0.104831572907146 0.171023000975995 0.0420581017610139 0.0293548961050123 0.168416213106533 0.157346022586434 0.116490863401582 0.257849131725915 0.102150202679488 0.0930385913830607
10 1 -0.00174258391658462 -0.00143598527856714 -0.0004778458320139 -0.0106860986615082 -0.00477580532901644 -0.00216461691864347 0.974727222564935 -0.206601770816498 -0.0964559035982813 0.0865476558469877 0.0217970037456433 0.0305481072320968 0.121353715319 0.122912765072053 0.0728119953460367 0.2688912800231 0.0870515757244138 0.102001253089722
11 1 -0.000393181736434286 -0.00031082626879104 -6.44322210876186e-05 -0.000329132062648932 -0.00337077796277631 -0.00408188530698685 0.940399254272152 -0.191297895330145 -0.0824463898103046 0.0413042890942613 0.0260693624011353 0.0218274985187846 0.0493497365623306 0.0604750865278532 0.0348765533383605 0.226990035383193 0.0879624997504308 0.090042861942422
12 1 -0.000607844349423076 -0.00042720537848452 -0.000305533847934607 0.00441971755461677 0.0017585039889362 0.000955683211813078 0.944132319661458 -0.179281124635639 -0.0641259530556134 0.00941034959766073 0.00591222819528082 0.0156578565947016 0.0602390653371848 0.0642163298681542 0.0361043812912865 0.211835884515043 0.0887786017477314 0.114679677946174
13 1 -0.00255242011531371 0.000424268161055967 6.76056209328664e-05 0.000261977032942683 0.00223410419555523 -0.00268600235615841 0.964934138173491 -0.177760150182795 -0.0266997104453048 0.00891720323668579 0.0119758806059624 0.0105572154819034 0.0155962321781238 0.057957348645659 0.0257859056017836 0.233611111368765 0.0860500709647057 0.0752698216127871
14 1 -0.000132203725050713 0.000313214162659265 0.000149916206040707 -0.00700057101402097 -0.0027048794780196 -0.000467214759156771 0.958102752480811 -0.169314581298875 -0.0142672717427041 0.00795583197673496 0.0125454738620334 0.0173330624894652 0.020437561009686 0.0317500324016603 0.0214688359582079 0.151783826463905 0.0921960925342378 0.0713564166102242
15 1 -0.000253587694526917 -0.000135582973950706 -0.00039763502389701 -0.00197338187880922 -0.000776172621656701 -0.00187749737839151 0.974748839923377 -0.171977110956986 0.00417064978331818 0.00814043790669694 0.0113152840840492 0.0264898289956084 0.0171583512952056 0.0150201942730466 0.00842699713712671 0.18546019837702 0.110622645674517 0.0596538285942149
16 1 0.000288687692137014 -2.40505350873967e-05 0.00158412559631648 0.0104227438548427 -0.000142439727768205 -0.000808670165917659 0.966411054790684 -0.149419442729755 0.0167911905894074 0.00809085632623437 0.0175491272891381 0.0128019834979964 0.0270652099168087 0.0311529044761945 0.0204691044773092 0.107073210320382 0.114116478981252 0.0739750779388368
17 1 -0.000218446751700132 0.00047399886793865 -0.000427813231922928 -0.00340817705253105 -0.000375889150829968 0.000648266286641327 0.967889032514045 -0.115758153608764 0.0280021356775509 0.00732258017062856 0.00477464485565448 0.0127861175309744 0.0278242856108041 0.0181788170229436 0.0103824269213764 0.0846843337352614 0.100815096722112 0.0702789232786865
18 1 3.2563793212037e-05 1.72396262166233e-05 0.000421498209644387 0.00361816170223727 0.000325667779129051 -0.00421430830670775 0.979329422685185 -0.141178397320648 0.0555248373247642 0.006552593934075 0.0192299233342946 0.0211822064796976 0.0427508171855033 0.0405026088088663 0.0319946714142543 0.0725283510832936 0.13464307473211 0.0566184254545441
19 1 -0.00104046865068002 0.00128897085526593 0.00182113230018476 0.00185979729449127 0.00277795276795918 -0.00217992023107272 0.990536100122549 -0.0787793884086703 0.0821326927649157 0.0184969357607387 0.0113041006904598 0.0134133639048197 0.0378830181122723 0.0182394973832767 0.050409329260902 0.0395618379680424 0.0811333174062974 0.0451729602006382
20 1 0.000491630140464075 0.00306347802859503 0.000339863130956199 0.00205040473796723 -0.00461492696872057 0.00134578255431037 1.00076111150102 -0.0786438946988002 0.0767600721802856 0.00414604024856131 0.0213121556228365 0.00903934012700964 0.026095333332035 0.0494421616780355 0.0285216657365677 0.0559001232626934 0.095418782139394 0.0761067796743623
21 1 -0.000359216857470147 0.00205657837733733 -0.000472654581376773 -0.00108859940918735 0.00704903166157407 0.00670541402298242 1.00529279965445 -0.0393673416113612 0.0927748332883053 0.0139384860359565 0.02387089210064 0.0235525773158614 0.0709748817092935 0.0718584904865067 0.0743338724838098 0.0312117353251941 0.0867543937985688 0.0704786753752735
22 1 0.000962158354238715 0.00198695567062331 0.00114741744840603 0.0195126506796578 0.00778063128097566 0.000338212533384331 1.01172201573351 -0.00867220931810764 0.123010291844501 0.0053416925841554 0.0284085914079382 0.0203816108761676 0.117546100744915 0.0586093063134271 0.0706244847709881 0.0134806857880035 0.0832695140338555 0.0750421182670967
23 1 0.000102857103182712 3.06893472586441e-05 -0.000680979944419229 -0.00777968639284134 -0.00658202041011983 0.00675685842815953 1.01490358065776 0.0627345778249269 0.14041019606162 0.0244638223441951 0.0529879472325223 0.0532557974245354 0.128043792806701 0.101345726723007 0.166693874407009 0.0217096851537281 0.0529590687786577 0.0548478205065474
24 1 0.000647667596728337 0.00260020639433276 0.00264679651097762 0.0351820389291751 0.0288742834784105 0.0126627167650078 1.01847451124206 0.12440356798806 0.202414831828694 0.021176510782546 0.121620084992096 0.0824689209524013 0.276159964427103 0.215562647794317 0.187603433928047 0.0123063297734429 0.0686591228226864 0.0468511242102633
25 1 0.000485829780353927 0.00416550139202122 0.0026047848250348 0.0828385042508024 0.0274988588862067 0.0268715992234423 1.02013177684755 0.313891635260783 0.246927897918086 0.0870136175778657 0.122364719049615 0.113096621779571 0.372922675920138 0.340505299608689 0.243494251718953 0.0187433972577898 0.0125345989723091 0.0505753590050809
26 1 -0.00280115843173994 0.00322543082002516 0.00572977982351563 0.0484852210427489 0.027884104810041 0.00991682847447166 0.997546822874735 0.477534839544902 0.367022705428652 0.206234302172802 0.145055514746997 0.107833451102918 0.376635619718333 0.408586989496312 0.268197065690642 0.164741654519658 0.0121594111052913 0.0308921548103547
27 1 -0.00121138180985746 -0.000904220152541118 0.00446002460649808 0.139556158705234 0.0246345251150027 0.0301867193772249 0.994150393941886 0.613483125246711 0.548687557793284 0.231229968612424 0.169537760021634 0.133308572877921 0.428701217960391 0.434101534020993 0.26079112057246 0.257668829796053 0.0100935044950826 0.0133297542429163
28 1 -0.00105834835853588 0.000860695309363426 0.00149478711197483 0.0910232942272526 0.027696361740842 0.0340399393686921 0.982983718952546 0.774378213874421 0.684634111935764 0.249903304593491 0.167341629881505 0.134669210526617 0.514498437251863 0.454756578048265 0.305297143247864 0.230134680809838 0.00616483056332288 0.0139374752183601
29 1 0.00216515362207562 0.00478562141021565 0.00356453554331663 0.1359982561744 0.0503437838528302 0.0271428935122311 0.980156550176887 0.868874941524175 0.808803286482901 0.260338533430601 0.162007149620382 0.146161363293131 0.492973688095624 0.453174258303409 0.357331730220445 0.262241955220362 0.00793878464172858 0.00876929510661478
30 1 0.000697878444740385 -0.00183246693670312 0.00592943550004567 0.212073043774417 0.0150860491589651 0.0394903655794117 0.998282353461538 0.966218624735577 0.894110172463942 0.332571707163982 0.188371344571276 0.170940938032896 0.537115025130987 0.667008144831618 0.429331346096673 0.339022247182315 0.007041024152133 0.0128392439198145
1 2 -0.00220294141342773 -0.0187739652545786 -0.00741122102863444 -0.236543185815316 -0.00754691303868815 -0.0237158377565104 -0.106939179223405 -0.33718345343999 -0.334428424592952 0.335107301988551 0.183644186505922 0.158300081067889 0.573563757500201 0.686663359236772 0.405658882979944 0.0100768734275513 0.175415280166598 0.187675959135408
2 2 0.000299240618692217 -0.00252150408121845 -0.00568817384344802 -0.202166595606851 -0.0063569571997506 -0.0509879758274489 -0.00773976959221529 -0.308425974830895 -0.313622780848798 0.315573855294346 0.174052077708048 0.148216601555539 0.496822813677839 0.545540737758473 0.318138910204947 0.00616121116482907 0.135345461101971 0.110425374032331
3 2 -0.00278694364287309 -0.00525404944120376 -0.00606386276592953 -0.0924353017305325 -0.0298174159351244 -0.0163123239410491 0.0461089198186575 -0.318945752376744 -0.294543560054289 0.285414084955887 0.15629842580478 0.125680242501563 0.480664416308357 0.489030562813108 0.331368340090303 0.00787325908445479 0.126499895099753 0.139254993981889
4 2 -0.000684641709532913 -0.00255805119400432 -0.000269919599679189 -0.111126028664212 0.00826172682448969 -0.0368085004614977 0.106232882355053 -0.305249799922025 -0.260481818763238 0.26336453565246 0.145296879098453 0.13416198544569 0.455629411118491 0.45604086746831 0.289526684439301 0.00702298727662717 0.15922821205236 0.115268372006266
5 2 -0.00216563022649639 -0.00979397015911959 -0.00427237941745192 -0.0629734521803921 -0.0171639334853741 -0.0258463320826112 0.169625219284856 -0.268962588651124 -0.22796136487534 0.261814108725548 0.160305075340198 0.123504432767268 0.413115705814554 0.401252972781939 0.26061398828362 0.00673946125396435 0.108576078873656 0.0869009428949339
6 2 -0.003253122916625 -0.00485647324551563 -0.00064724022650625 -0.0755013229567258 -0.0315192708374034 -0.0080495953863125 0.264923267741477 -0.259821161607855 -0.178824135708476 0.243277441438783 0.135950653329511 0.0994873275315752 0.397679218210857 0.374010808923285 0.269725204072225 0.0248667625913502 0.132432712787197 0.115064709550294
7 2 0.000207081283099407 -0.00309611547059159 -0.00169440831435749 -0.0442865923319221 -0.0208319932301185 -0.0125160468947123 0.848675245606573 -0.232666419696721 -0.165772707718413 0.226756524357843 0.090458252635767 0.0785453248492831 0.333544544788552 0.282512700605026 0.209559662338579 0.261693933378784 0.122362744847479 0.106407154147835
8 2 0.00287841878019832 0.000298552319397536 -0.000315348967717848 -0.0347056739178305 -0.0223659316391689 0.00795542794055439 0.950027559344952 -0.216686595205288 -0.114612023060871 0.220086261338777 0.0323090339469876 0.0572897934324087 0.211112229496266 0.245755783796694 0.135506825114773 0.28796721721033 0.0859905932196005 0.0949959954997224
9 2 -0.000339416814748843 7.86957682462384e-05 -0.000185342503496238 -0.00679086858733811 -0.00644711435518012 -0.00130215736801939 0.966059513975694 -0.227262488972431 -0.0799914255386921 0.17614028245237 0.030183798685741 0.0345482062396253 0.20947321408875 0.168210420146665 0.136097386304484 0.290933254046722 0.0968967798522081 0.0887329757830035
10 2 -0.00447888027985567 -8.34934733726151e-05 -0.00223716603912932 -0.0244878542806456 0.000607842470851768 -0.00463578180831826 0.956821904317434 -0.209196961691098 -0.0998087186301398 0.0602157945100048 0.0150222120418995 0.0244688535158946 0.0797505663168964 0.107647969830449 0.0438337100377172 0.24684630354359 0.0950526648668418 0.0789282344082528
11 2 0.000873225053188715 0.00168953446830825 -0.00025863865802691 -0.00515982986980729 -0.0064106807226441 -0.00489882298858507 0.939266761493056 -0.197363331345521 -0.0639565239562292 0.0381426525022208 0.026468258043917 0.0238792670544327 0.0236880877265043 0.0732577495291602 0.0468431579656275 0.210203326932394 0.110084817207485 0.0667577029793279
12 2 -0.00106141220525551 0.000651098915789857 -0.000304687071136785 -0.00290614027586361 0.00115356310934617 -0.00275502819691962 0.953378861400953 -0.192771820737205 -0.0581257021455707 0.0194628965855097 0.0131857436281746 0.0157187696889945 0.0219357834283753 0.0312055554897548 0.0315425325084465 0.226817052422234 0.0788819703654444 0.0907483732355371
13 2 -0.00070928520680236 -0.000504303563929355 -0.000695576327367686 -0.00236002355901945 -0.00532853924614395 -0.00227854570602294 0.982084749567819 -0.188066481564771 -0.0304008800604438 0.00942236437804597 0.0154785982279797 0.0176491721247842 0.0352990560060639 0.0510274705860334 0.0226485545921232 0.253522821752422 0.105163099962718 0.0795829012678014
14 2 -6.65997346922489e-05 -0.000916024450466758 -0.000946193603703816 0.000528744185794164 -0.00352080180669332 0.00251448279819579 0.962669362254902 -0.170843630385962 -0.0207592349538986 0.0177601146662764 0.014852778121716 0.0085705341146562 0.0341918150798914 0.074506898414017 0.020362975737484 0.200037088034713 0.0896873364502234 0.0735195759656906
15 2 0.000344606120363205 0.000702939673292546 -0.000341090968144531 0.000464712194548177 0.000353869921780707 -0.000830683436686513 0.955717692610677 -0.153090812343381 -0.00916190053995189 0.0157954365255337 0.0135926028705179 0.0107505116015561 0.0227620525095965 0.0313748980020679 0.0181898474205471 0.164722342234985 0.0916227427879592 0.0790945231339193
16 2 -0.000199387038926121 0.000154420742445482 0.000365003113938349 -0.000813568659954314 -0.00107024074054958 0.000222943293556471 0.952939855553668 -0.135398869385178 0.0264078409246756 0.00491695705489418 0.00864937329675939 0.00880640033304451 0.0288339569186653 0.0144579609096051 0.0142597899759327 0.0840204395873534 0.0976627817612177 0.072360069797718
17 2 0.000111539856793707 -0.000103574339336889 0.00093853955367429 -0.00063114984137983 -0.0010780695967126 -0.00121166531888641 0.967472538977273 -0.147289080805643 0.0409538446077003 0.0078757908570239 0.0151685624355364 0.0107654107384103 0.0238047551481788 0.0294103614236016 0.0210801071955038 0.061579358367798 0.106150174888806 0.0521410365566609
18 2 -8.18588441624472e-05 0.00145507316694204 0.000512493431971917 -0.00423729490351647 0.00186700821295492 -0.000264913369486624 0.981005836855997 -0.112504540007138 0.0541559512914643 0.00454776670974287 0.00813462145089644 0.0171399000488265 0.0200982827487719 0.0186255196530135 0.0211881742176143 0.0560778743547874 0.112667624231809 0.0594109505924754
19 2 -4.59020972846875e-05 -0.000446028284659132 0.00100661473170417 0.00272194699742866 0.00156335560411931 -0.00048914563066566 0.994336843958333 -0.073515417979607 0.0768330315891146 0.00371771692516435 0.0156566580608354 0.00744562883435803 0.0161649024637372 0.0146444906828016 0.0466434659335417 0.0534341224254979 0.0870814216595556 0.0594471367011515
20 2 -0.000278899841672266 0.000921584674553404 0.000609533267605841 0.00216063327570856 0.00145723834368127 0.00596526695257998 1.00132335122768 -0.0609953231632775 0.0826370465246689 0.00593959277274617 0.0184866294754116 0.0133693496934118 0.0265688712398988 0.051640582409436 0.0272972478744147 0.0455414505730758 0.0794487823632986 0.0555852862417545
21 2 -0.000635194701926651 -0.000398273823545371 0.000349523887157134 -0.00499518073954658 -0.00383054096126445 2.4229660446595e-05 1.00882875737028 -0.044838069561138 0.0982509191352624 0.00466823242706085 0.0261389413467541 0.0283418131581414 0.0388803405330307 0.0591542449063413 0.0490269357421098 0.0224471785906004 0.0986577926438081 0.0571287119183661
22 2 0.000307451659800625 -0.00139024702938313 -0.000626843096512281 -0.000639833287 -0.00779958746113125 -0.00448526305558437 1.013617574375 0.0132578107543938 0.105048920769094 0.0139682633884793 0.0381411451301218 0.0160939356755563 0.0707651452582596 0.0736056505831537 0.0597712368085444 0.00667969823504532 0.0617275899056846 0.0788154228139309
23 2 0.000412625185311747 0.00113023527964673 0.000626932406990611 0.0141598982218418 0.0042577181733821 0.00179395289575469 1.01348341951705 0.0315719385419702 0.16253849675369 0.017074498605342 0.0736931902326955 0.0501283346893513 0.137276619043285 0.121979796497654 0.163131033624908 0.0281892377537737 0.0781451652093444 0.0499002123108511
24 2 0.000550544751221484 0.00302799576521224 0.00352461176433633 0.000559107006122397 0.0221226147054336 0.0111852535262799 1.01740185854167 0.175020268682891 0.201572048655156 0.0398662193691998 0.122418772741182 0.0792029714839075 0.228199026159337 0.256729045112093 0.200473954692243 0.0194601783542688 0.0316649771945126 0.0450401264329421
25 2 0.000865756520794351 0.00262027656067788 0.00198187377486899 0.0517094835506334 0.011795165209155 0.0244712065386119 1.01720982204327 0.337202552947115 0.271077381703357 0.124221048994528 0.146007727842396 0.106126549148093 0.289089666295678 0.336869386501921 0.235691440371038 0.0303529204084884 0.0121188327884468 0.0382398174466375
26 2 5.35850248521304e-05 -0.00108179376916903 0.00416773353793608 0.122206055038977 0.00567972387557244 0.00209321795466009 0.992417613366477 0.501118044872159 0.374828964237855 0.193225264187414 0.159950124732651 0.119253836123717 0.42455669968969 0.431604450625284 0.298516914856546 0.184103253388365 0.006871819194183 0.0309278946102801
27 2 -0.000494363358030025 -0.000205172184460784 -0.00091465787955458 0.0656415685648298 0.00528844360676011 0.0174180577886642 0.980061594929534 0.642764842570466 0.564580948275 0.243224606125206 0.166510873508217 0.129728012180123 0.445250147656207 0.436145169739247 0.301145366349221 0.252650844215247 0.00778254426682899 0.0151226018284829
28 2 -0.00039172045211397 0.00107998489931066 0.00410976655884421 0.129684309389828 0.00244957012314645 0.025789257364277 0.975606140487132 0.783609017509191 0.691014839675245 0.255488370621946 0.169127799936302 0.148668947749984 0.472821691305503 0.485496395097571 0.314940612724188 0.261382802517479 0.0103660519174862 0.00932013524244621
29 2 0.000972674195347576 0.00400014347072864 0.00428690826116869 0.208164518165641 -0.00664870185642698 0.053704741156293 0.990265505978954 0.876960666219707 0.816525709980867 0.271138713879058 0.168698224271531 0.160834532008028 0.490760668888989 0.468648132340587 0.327875906931197 0.255635876597851 0.0137496132922304 0.00949217807540628
30 2 0.00508720054550481 0.0382222406639519 0.0312351764388293 0.109832376949988 0.0366735826036923 0.0234999083320216 0.989743386586923 0.972373968028846 0.921779980877404 0.357850062262682 0.185815930175083 0.175591883159638 0.623826648078354 0.726544616371529 0.456720954081101 0.345753148397751 0.0102425704088589 0.0139772479805012
1 3 -0.0128492787125615 -0.0039900681379139 -0.00379366887161569 -0.190009721522161 -0.020412140802766 -0.0151618066179687 -0.114769972171709 -0.27552906829203 -0.370326980805469 0.307529051409705 0.197046127585077 0.16525868735741 0.63820795634168 0.706222766146103 0.386277964125377 0.00607640290403795 0.199126719387634 0.184431982953408
2 3 -0.00413556442104687 -0.00573647183333507 -0.00544526072491319 -0.254975501042604 -0.0140717290501059 -0.0141079652569792 -0.014426083921651 -0.277825073350575 -0.303274797696226 0.285732063660686 0.183948408897105 0.148468404492826 0.478100528811028 0.569998731612797 0.346428032000184 0.0114597643801914 0.173003472797805 0.13208063056461
3 3 0.00129395700157924 -0.0064470088640532 -0.00166004992256882 -0.181446899942057 -0.0371566553907831 -0.00665076980429687 0.0419970322809263 -0.295309143733426 -0.244773002280597 0.28553895377077 0.164030857054496 0.142398435784333 0.488619845186616 0.468664747810191 0.343970865668729 0.00722081038434495 0.137671156502831 0.134398594950201
4 3 -0.00348032360891653 -0.00372838730260074 0.000458445282781662 -0.126997140160193 -0.0013020114329153 -0.0204870950270886 0.102126846757607 -0.295940943218483 -0.252018101749137 0.261478100544316 0.167645693729497 0.132544638087508 0.447213003740397 0.43184913462555 0.26438433651485 0.00810123746450531 0.138679420618122 0.0952389414521632
5 3 0.00200842601439253 0.00273738949254263 -0.00722401271142323 -0.0584518571484834 -0.0118606831254246 -0.0411975023364096 0.157630810711617 -0.30360609969983 -0.207593197154249 0.252266328975873 0.167614587975762 0.123717136051479 0.40809529284052 0.426709181450254 0.256767805441704 0.00648404482493981 0.122207389243961 0.114622603786823
6 3 0.000701592978021443 -0.00566129733751164 -0.00363064117787334 -0.0420584808763431 -0.0069238806486486 -0.0165545886758182 0.249385093999335 -0.260568380633394 -0.177867676110001 0.247181174906909 0.127104966937993 0.101276649292001 0.391238418351073 0.325743772394451 0.270731699712536 0.0165495567990655 0.108598595595023 0.107918013732436
7 3 -0.000306704629549858 -0.000794246602810796 -0.00359464380105398 -0.0875209935830462 -0.0193763328433676 -0.0206650121215724 0.872024346663352 -0.24075189951057 -0.132561829423365 0.216779005881361 0.0850056989773419 0.085630463800113 0.340440908717093 0.269941388027777 0.236270425301203 0.289628775307809 0.11265471190266 0.108077509677852
8 3 -0.00123118091804687 -0.00062377634117853 0.000893818363883102 -0.01826309869307 -0.0123100392868707 -0.00834611782196181 0.963466884548611 -0.226611877221209 -0.115912331546123 0.195425081962925 0.0417484892045268 0.0491250448099299 0.331830833495937 0.152465045978286 0.119841833040391 0.278640732337327 0.11788709009498 0.101678396529995
9 3 0.00281267068933854 -0.00447033772767031 -0.00187438738515278 -0.019338603615326 0.00764940544982118 -0.00846665703273889 0.976178740538194 -0.205077135690727 -0.10347742192747 0.16762107686468 0.0319742165623805 0.049296960078224 0.19931178570574 0.171863740440205 0.115799060720688 0.29530133220302 0.104467009880876 0.0965217852663783
10 3 -0.000731624993001961 -0.00171208387370442 -0.00300842929883903 0.00415835161205941 -0.00911210909410009 -0.00577193868063679 0.970296889106722 -0.224663379148939 -0.0755209538535156 0.0670759727910117 0.0245789068808189 0.0300287341107604 0.115723125092501 0.100906386127008 0.0640435314965973 0.260969602949802 0.106094585640138 0.0934520042848877
11 3 0.00035303618873473 -0.00061241315411553 0.000593630182814157 -0.00127582985188968 -0.000794270752600615 -0.000647070680364394 0.918292882220644 -0.193872532895123 -0.0589282013453733 0.0522078922397343 0.0175869146209162 0.0185593582136892 0.0924216956250954 0.0366854156412927 0.0256708063005283 0.184179818400805 0.0958589513323588 0.0611087666314814
12 3 0.000497329300685098 0.000584834533276172 -0.00629851457315195 0.00309057061716191 -0.00373640746935698 0.00120553867848328 0.937009454023437 -0.181526124043998 -0.0667541489972707 0.0292978067557047 0.0157978588477344 0.0180571600287992 0.0886261385837993 0.0358116089487216 0.0435881859161319 0.201353948109703 0.076575749642891 0.0821380534846706
13 3 -0.00160840337962645 -0.000154806100354146 -0.000109865999018397 -0.0040048620637032 -0.00118295298581552 -0.00247070049940512 0.965947227305948 -0.176267480201828 -0.0376667925561227 0.0177426687012094 0.0115242141431115 0.0117009097340847 0.0580783333088027 0.0276939455656534 0.025016851523642 0.206262090362718 0.0913341400997725 0.0700479950694369
14 3 -0.000239875477752254 -0.00129142129443359 -0.000388934609808654 -0.00299867990635291 0.00191772405181656 -0.00659201202010111 0.94353976875 -0.16416989659255 -0.00970460720233753 0.00451575615728307 0.00981644340298184 0.0127061752284535 0.0203341494904439 0.03622096170811 0.0341499203871249 0.149081180736648 0.0802414855922553 0.0626959791171386
15 3 0.000742793984003564 0.000632569678223389 -0.000819938164106771 -4.96840075457845e-05 0.00255117937503052 0.000968906474196614 0.953046934814453 -0.167422110631408 0.00604387667144141 0.0150954624351642 0.0138548421034663 0.0159300925533087 0.0134542434033765 0.020729876097819 0.0142959375469995 0.128226796769247 0.109749419074769 0.0805530992967583
16 3 2.85472966252344e-05 7.66803159230469e-05 -0.000422759629571875 -0.00338994537808184 -5.27604279707032e-05 -0.00152253613987316 0.973285197636719 -0.152190572649264 0.00633498233849414 0.00477312566124928 0.00448664268698931 0.0146897130037339 0.0181861324427793 0.0238129025728394 0.0118164810281914 0.140145087593097 0.107471264009063 0.0629637431931558
17 3 -0.000379941380613836 -0.000469391096289062 0.00129120232229114 -0.00226335262163937 0.00188882549407304 -0.00016108120804179 0.967213863122352 -0.109798253834113 0.0285129018391923 0.00482483223256371 0.0104016235668003 0.01582368420426 0.0189328611304478 0.0237442609679897 0.00873059743792895 0.0761793337176472 0.0968458276486654 0.0861225511085878
18 3 -0.00033767887094701 0.000816799650110021 -0.000424866234992188 0.0170592114734851 0.0031683541759034 -0.000312339556813296 0.98533120609976 -0.0989508638319802 0.0549562352051968 0.00393622367138963 0.0116591924063818 0.00806773380142625 0.0465866868330071 0.0428391021456273 0.00908524733528666 0.098169334296129 0.102119310971907 0.0569174368684411
19 3 -0.000127555490462832 0.00145138351020723 0.000180896115933178 -0.000369043188857264 -0.00421418274688015 -0.00405457583785681 0.99590494559508 -0.0864789677243517 0.0551322232731715 0.00421396890729121 0.0076293171595808 0.0211743191826297 0.0139971085182157 0.0287508125884974 0.0236334434311803 0.0400410580481642 0.0867732454496378 0.0641852402978597
20 3 -0.000335919749552488 0.000626120556179852 0.000221903065465666 -0.00195287784944603 -0.00541983950208882 0.00055921666720991 0.997979898828125 -0.0719740028343216 0.0738431978293976 0.0115605857918324 0.0179104076256642 0.0143336040928112 0.0492979443960475 0.0673670458033578 0.0345267074309781 0.0317409120581216 0.0798532634245765 0.0545701816357819
21 3 0.000170870298982879 -0.000547772795529421 -0.000449873845738198 0.00363591655369792 0.00434704951832563 0.00383347573915625 1.00389893555519 -0.0615900656827776 0.120336144536257 0.00499954522087223 0.0131468184076929 0.02090822173986 0.0183254533019074 0.0910559113653466 0.0501879305306421 0.0314035297393826 0.109166031851916 0.0635069957591364
22 3 0.000419886200851562 0.00211988820535904 0.000238119463679348 0.000319474773362092 -0.00287144243237262 -0.00351982022656267 1.00903457686821 -0.0404444359982337 0.0983435022257133 0.0054477151074549 0.0324697887196064 0.0143431062391421 0.0730699878922425 0.052739118593811 0.0602203583763721 0.0226722305016595 0.107035563153722 0.0842381810795333
23 3 -0.000275798723961395 0.00195530361823665 -7.36631659222925e-05 0.0362959906324613 0.00364323656533944 0.00825595853670124 1.01718602858297 0.054138514421681 0.15889204623187 0.0107427175650546 0.0743479807426449 0.0489980415979885 0.181548471362913 0.111782598904427 0.142146804819917 0.0136127218032593 0.0531934234002749 0.0500640515059816
24 3 -0.000983288043341724 0.00242657762831843 -0.00226050629173466 -0.00889024844886429 0.000823697397860243 0.0149002916979832 1.0172673635272 0.18959043433941 0.212505347741597 0.0614266063818227 0.125150493440281 0.0969538505364683 0.270405395842793 0.244072057210013 0.20967484873239 0.0139070953566126 0.021425209940979 0.0396014088837585
25 3 -0.000972283144044316 0.00419052392693359 0.00372771413777344 0.08502607612007 0.0184265218043427 0.0205594723689776 1.01398478945313 0.305354083856356 0.269097736441315 0.130427961461886 0.134839891534498 0.106751434121664 0.346231745575023 0.336712259610719 0.234964201723568 0.0550006803240175 0.025860845674141 0.0417721571500765
26 3 0.000551746106890625 -0.00622365421018625 0.000664408016772656 0.0835388533107492 0.0140601389207344 0.0390306939219969 0.9936342456875 0.489703119035156 0.397319856473272 0.206580150354245 0.169668917342998 0.130187478022511 0.459036869763803 0.388724286930475 0.237431359159341 0.159001078987907 0.0121866769796801 0.0211315003325406
27 3 0.00140626391898889 0.00119591076009126 0.0028988911228995 0.0269060812029821 0.0186023455517383 0.03483987691144 0.979618625213068 0.624360997851563 0.536315819309428 0.227844567279599 0.158054584155473 0.132451577686385 0.416457623305919 0.477164495321913 0.279432029939171 0.243223881064971 0.00671229350909799 0.01668463492573
28 3 0.00127865089584579 -0.00573148245407269 0.000246455078383152 0.09986563698018 0.0312599527789844 0.035428230131301 0.983617571450408 0.778358752017663 0.678358347605299 0.258133926053861 0.163333730702079 0.141736589028935 0.485927254861689 0.457661157630656 0.308668364310277 0.25219333723848 0.0107399219958083 0.00956259121900679
29 3 -0.000657558251591797 0.00339498158441406 -0.00410203001844401 0.166056730756283 0.000180943559915364 0.0186475320099756 0.990174257364909 0.875599492220052 0.818432784342448 0.271572087667124 0.181870213493588 0.149456200197204 0.506988417466852 0.494832559814029 0.332356333787726 0.263131501351869 0.00517327326517896 0.0102188320126518
30 3 -0.000215297821685988 0.00974195750700731 0.00871750350486391 0.227334539524423 0.0313228808263508 0.0391980572741116 0.99248219436744 0.971759826159274 0.914353022857863 0.344785251548543 0.18958832237418 0.166449367409156 0.574854494005833 0.692861065205885 0.426082828734746 0.344625552139768 0.00566135327619673 0.00717527332189104
1 4 -0.00383742395508805 -0.0098363457542092 -0.0124546580343588 -0.162827223572334 -0.0449156284999206 -0.00969933553958582 -0.143840087882515 -0.372716968095107 -0.531262164726048 0.33818056689783 0.189698796582487 0.163483729007004 0.603517771892809 0.686793955435739 0.470332577622794 0.0141172712960438 0.156883500906929 0.141046394941567
2 4 -0.00598457804608232 -0.00155434980500191 -0.00509186329859184 -0.19511874906229 -0.0195332732393521 -0.0222436015752915 -0.0205457826617496 -0.296744732279156 -0.349738664429268 0.275184102667609 0.174258453289557 0.134450343037034 0.494841904663687 0.609117655614434 0.351659404664661 0.0110677685939519 0.164389483346309 0.107596293453008
3 4 -0.0062096062346804 -0.00139512696256155 -0.00661970029063469 -0.0767253806173698 -0.0262468621417022 -0.0255557294316288 0.0434823370639441 -0.264222402536867 -0.27119464654147 0.268684750893804 0.173010764208636 0.125589063365282 0.503014437753339 0.493099128051948 0.318332611866445 0.0088088415870108 0.143151381813993 0.120062154658547
4 4 -0.00137807271970905 -0.00350849455295649 -0.00299958537196018 -0.14743502603472 -0.00934081341299704 -0.0301219396268898 0.117102566054997 -0.272621565088429 -0.238582135977876 0.265075405206003 0.154644520517269 0.121438233124695 0.450013382094086 0.427553789882947 0.274030148785903 0.00721005244541886 0.154919519422739 0.107008141220799
5 4 0.0017466142896609 -0.00307148944732214 -0.00203383190303158 -0.10543471007633 -0.00849520239056566 -0.0181658891594664 0.177776551911569 -0.262467897872656 -0.187105046425655 0.270947033007361 0.138224866936108 0.123935737022011 0.399791444947361 0.363168575523148 0.293762589225941 0.0073489382879532 0.0973514661198184 0.0911021720558721
6 4 -0.00527357712619318 -0.00546482672258026 -0.000651186072893182 -0.0544952440694602 -0.0112043923817457 -0.0169562541808864 0.258917556899148 -0.262544457859706 -0.185040165502695 0.245227730379989 0.110788654956486 0.0969242196122506 0.414096550513038 0.396222674866677 0.21910631591061 0.00694537915008935 0.129820140723529 0.113165666867338
7 4 -0.00173511819243634 -0.00709917812423322 -0.006210411796739 -0.0525197135940422 0.00404051910992187 -0.00992558706276042 0.934217800462963 -0.234060187958244 -0.12687227503066 0.222334732188085 0.0856370933748941 0.0994276971059023 0.397118401006003 0.250119837567912 0.240765484314858 0.313268612798208 0.118909333247646 0.101082993500095
8 4 -0.00612799583355232 -0.00189324760950829 0.00148606770157955 -0.0136520473912015 -0.0147268146103681 -0.000513716533860086 0.933945852254972 -0.23564105405947 -0.123910294236139 0.225108281002855 0.0667473190591925 0.0663225355735377 0.276305543440158 0.276777697863839 0.156288864916638 0.295966152729175 0.0982901220178619 0.0972363085474508
9 4 -0.00155860885069615 8.37695173430525e-05 -0.000804450820614816 -0.0049160926276762 -0.0132805605181918 -0.00354737887627538 0.961442501953125 -0.226861212863485 -0.0957998380750993 0.1293760891252 0.034609044806168 0.0302936477712043 0.151916633575983 0.149609324773683 0.0956361002000595 0.285148605355046 0.105491411041159 0.108098835442108
10 4 -0.000285148924962673 0.000351903825117622 0.00139564717582049 -0.00976251970620009 -0.0114136800474449 -0.00153122308202257 0.966937268619792 -0.233950009868924 -0.0972203089701888 0.065284617702087 0.026421694173692 0.0242154383279659 0.153965454585351 0.0945727366995455 0.0724657000492392 0.277100443521106 0.103793186754824 0.111725526180716
11 4 -0.00128058190413249 8.34065065414541e-05 -0.000233624204866709 -0.00206429335894308 -0.000293821334069356 -0.0020326370564257 0.942763634406888 -0.186472246647529 -0.0729944573139987 0.0252268780278042 0.013667123876574 0.0215969254551319 0.115955533896342 0.0425921138760616 0.0529710232286258 0.225553627536113 0.0648861416257471 0.0882513808767826
12 4 -0.00302900245408337 0.00046121858570456 0.000313762963098693 -0.00141136206354526 0.00397809481215402 -0.00165569589845217 0.955929044084821 -0.184914749165992 -0.0526589819900749 0.0299003601868617 0.0271040699481099 0.00711163683661391 0.0352799747349252 0.0629314865944929 0.0312032280518206 0.233169577724092 0.0792394394511581 0.0830612103251327
13 4 -0.000232041636539969 -0.00137425903488541 -0.00252735503590242 -0.0117362226187359 -0.00722089249238938 -0.00249071176794391 0.973387655984375 -0.181164585808906 -0.0172275393937813 0.00453704548342786 0.0192515619156549 0.0176419842232305 0.0206522004534609 0.0556517650674137 0.0388236967253149 0.248136667923455 0.0800444425193511 0.0864659549361514
14 4 -0.0018454073033753 0.000630803949158173 -8.31833757371244e-05 0.00317506254281284 0.00054803286520012 0.00390470120458724 0.954468220913462 -0.168504194967473 -0.024415831841848 0.0156189460957106 0.0123091993424378 0.00871899865915824 0.0277528572843403 0.0168909739519347 0.0319950378329678 0.179865188109509 0.0727949585104127 0.0751331357047619
15 4 0.000361381021709766 0.0016939200280215 -7.05025884666371e-05 -0.0186915963258808 -0.00227838711900337 -0.00120408193401154 0.967037498135653 -0.184129330212322 -0.0111668206517791 0.00484294819381174 0.0167101371883112 0.0099566273206705 0.0353124597860374 0.025225252140414 0.0244755487439533 0.179880164064303 0.124670766507796 0.0802620533205305
16 4 -0.000326302215605479 7.47733569740564e-05 0.000717001099694566 -0.00674445694632312 -0.00218241384819864 0.000138618533985755 0.966129771610187 -0.14551280716813 0.010211160433609 0.00884803008176774 0.0103270049253017 0.0119535061425711 0.017713266438082 0.0230830245052436 0.01240088163106 0.126648037948884 0.116582195122671 0.0651186446669215
17 4 0.00054137220517328 0.000904054511016941 0.000434439186647671 0.000852157172827257 -0.000175650878810937 -0.0036418107425487 0.965849973958333 -0.119399225075697 0.0279033162245544 0.0280793936239782 0.00982377590422072 0.00766827457798516 0.0183471372552404 0.0198942266625336 0.0236228916280141 0.0884510068560662 0.110018426112648 0.0673910406042189
18 4 -0.000178312141886282 0.000157775078356184 -0.000833755056746875 0.00547908980749211 0.000630166050466631 0.00137085904740801 0.979895196292373 -0.116365401612666 0.0563778844086732 0.00350614433173698 0.0141114201043533 0.0177901570262407 0.0213335107307635 0.0362359954239471 0.0147733212059635 0.0553735298819915 0.111277097198184 0.0430011584270491
19 4 -0.00113605045051238 0.000530464393428567 -0.000872411857916961 0.00244336243102433 0.000348121964893569 -0.000206046380806386 0.990352863405797 -0.0767256114773793 0.0642320469399124 0.00924365449403873 0.0101933670501836 0.0117905179667916 0.0208330141953833 0.0321574211133709 0.0132890859528081 0.0336648310806136 0.0785384401666792 0.0450335600966776
20 4 0.000393836759648597 -0.000850556494088135 0.000719564302147925 -0.00367028747080432 -0.00222773908873052 0.00238699307412738 0.994446915026855 -0.0388443451914949 0.0757836506642297 0.0123777008713437 0.0226409300857529 0.0118288937727474 0.0383803840367707 0.0452206662015721 0.063489810885012 0.0563505162035874 0.0618405076903818 0.0625862169110544
21 4 -0.000196456233218353 0.000262374305988442 -0.000179107680382577 0.0181306044185293 0.00188695298909857 0.00176487034370122 1.00860351262842 -0.0452845050765796 0.0953005605061462 0.00881393228932692 0.0183493786940265 0.0207904734144792 0.0584934987960213 0.0340827263997406 0.0451360828155078 0.0282129247325042 0.086646076838188 0.0596430059639152
22 4 -0.000896452026832665 0.00169254613206804 -1.98904108844668e-05 -0.00637341001016774 0.00146435045931074 0.00225230272253998 1.00994192880515 0.00829344623756158 0.129167443343735 0.00534683492685224 0.0253727584593521 0.0361594884695435 0.0812533128411525 0.0809782655404938 0.107321544904638 0.0271849792266583 0.0753310932471051 0.0572707635609017
23 4 5.51633591415701e-05 -0.0016794723202442 0.00109687392535379 0.00810007661146031 0.000765801903715474 0.00666087110235723 1.01297261016885 0.0590727640995741 0.163257820594725 0.0150600553149605 0.071029672191663 0.048754870477294 0.140961048715712 0.0910526097594186 0.135989944950197 0.0189967751723914 0.0513190294253673 0.0463515515999755
24 4 -0.000359599454863971 -0.0012423664683989 0.003785604667973 0.00502935692240005 -0.00409028171990395 0.0062281232276528 1.01737938753447 0.141319161143455 0.200899023768618 0.0476821756478711 0.104137963697503 0.0662892323339631 0.260520682097189 0.166034077624985 0.201565217517185 0.0101350483516853 0.0418739166773934 0.0380558214737451
25 4 0.00240562080680541 -0.00137135987120349 -0.0028391351105012 0.0699426292672476 0.0152609340270264 0.014925345790711 1.01880633700721 0.250338380735534 0.245078378663365 0.0758226298516084 0.133017457473603 0.11051782322951 0.334699332869285 0.338286868547129 0.241630170451941 0.0127494919035237 0.0352749347705269 0.0403501647418974
26 4 0.00103387537040415 0.0013347488091905 0.00329875420746625 0.0320899281372387 0.0225682058255058 0.0153974054704247 1.00352524578325 0.445817104786258 0.320166616200815 0.161834057667841 0.154565291404752 0.133861151853298 0.384430977597301 0.376581604806627 0.254977368870951 0.130234528017797 0.0151890666948305 0.0427481922402063
27 4 0.00127543626906585 0.00273558023667299 0.0010451722585952 0.0274344484287723 0.0282523026116093 0.0284003162640179 0.987026543448661 0.584892582924107 0.499548660956473 0.224881277800264 0.156749174822505 0.118740788887582 0.459872907188176 0.416279278021619 0.282439650510189 0.240679355558878 0.00695665749580059 0.0163727115669464
28 4 0.000601404496777344 -0.0017112209086556 0.00174088486237196 0.0891505413368381 0.018560481462711 0.0250066130170139 0.979177525520833 0.748039073068576 0.643595274567057 0.251693511113754 0.174896876749791 0.138555114852149 0.455427972202739 0.471745334550473 0.334472473262872 0.238188694463917 0.00558719550104852 0.0100249866160813
29 4 0.00217350760025924 0.000227432872704427 0.00115305493283333 0.187049459421361 0.0299104538774746 0.0389472581648568 0.980198435729167 0.844062158875391 0.790490281445313 0.251743188992375 0.157656445359303 0.15318308600327 0.483942558793632 0.4732914657654 0.320365916189684 0.262905804894901 0.0145330577158357 0.00765952508948285
30 4 0.00124529872104083 0.00963002568425302 0.00155557549376292 0.120208340543649 0.0132000465466104 0.00672569897262601 0.99056059140499 0.936374586033934 0.878876903213206 0.313520381104576 0.19134793007838 0.169964656926849 0.552888883943825 0.583755979474892 0.378332763896165 0.317374837692832 0.0100347341419822 0.00860335422209891
1 5 -0.0172399228658889 -0.0106867547539453 -0.0139973130841787 -0.147459529673733 -0.0308908348515673 -0.020214425839616 -0.169986174474221 -0.464355899153838 -0.563460310552268 0.341717221012046 0.192983116733666 0.178273295144122 0.625798659970877 0.683938678401829 0.441725215459879 0.0142277813468221 0.137824712569882 0.132896699017997
2 5 0.000337038342923438 -0.00246967061186563 -0.00171285905268125 -0.195558892644823 -0.00104212936444547 -0.0510141943048906 -0.00361524606547531 -0.308433425299016 -0.302094214973125 0.315061983108501 0.169824800141166 0.138827621620965 0.550703300253013 0.562856673317483 0.305856409519393 0.0104307460702135 0.141112429406426 0.106809821920499
3 5 -0.0061984541528142 0.00127566643400594 -0.00585352614888077 -0.127878603210887 -0.0180609913138021 -0.0216301131195654 0.0477468915487432 -0.317786081315931 -0.237199227245829 0.292789296926611 0.155060421576199 0.139132400352308 0.490214745583509 0.495414777063393 0.312214769730107 0.00617068666166992 0.117174674749615 0.134485720431763
4 5 -0.00120860421997884 -0.000980110318242187 -0.00855135276163835 -0.111663337226302 -0.0226978453313704 -0.0332036906839126 0.117182189487305 -0.282954349380275 -0.224215366262539 0.299732392441013 0.153405577570677 0.113737666896464 0.454765127650612 0.431419535292708 0.278409400951581 0.00742366962800011 0.13748468751151 0.0851082849624443
5 5 0.000650539023913935 -0.00616878590957454 -0.000450635336463884 -0.0528264409737756 -0.0144215774158671 -0.0211672693092012 0.165058548373463 -0.281806094571095 -0.204148322179145 0.2593326507594 0.136617194206464 0.118508722154154 0.419636869190021 0.392931984801889 0.297930050595618 0.00912616599690796 0.105781049788528 0.105050725936045
6 5 -0.000797176431418527 -0.000435493732630692 -0.00593983537425011 -0.0661022270689922 -0.00999584856392411 -0.0203791009941083 0.249321247080804 -0.257628661775993 -0.178537995881913 0.2431667263126 0.133998524857943 0.102597287865223 0.375648569911774 0.338502422944428 0.258307707021237 0.00923637883606273 0.108630163280367 0.112428068526342
7 5 0.00110978041726315 -0.00169254231156162 -0.0042514791766033 -0.0499693935148896 -0.0189445361168362 -0.0034383376774442 0.928746496432292 -0.24437009854902 -0.153853102185032 0.230467332836733 0.0752565800633467 0.0758673703154397 0.274990077899303 0.284797210779595 0.200936970086175 0.285628420179012 0.132604330612604 0.0992799246000024
8 5 6.44207125781252e-05 -0.000682547452630269 0.000741864408679142 0.0368801088658103 -0.00829708721251762 -0.00119105076719713 0.950094902743459 -0.230641868898746 -0.0979716991449822 0.215279626780375 0.0399357643366955 0.0520437523512585 0.254743825228252 0.215064435442797 0.163448838810121 0.284358335317526 0.122244512322571 0.0783463842857468
9 5 -0.00109520622751291 -0.000319583231063678 0.000456972593664651 -0.00181762067166766 -0.00406917395048789 -0.00437991456909001 0.947989274411232 -0.21882453279518 -0.111090965289838 0.152856393615824 0.0419881872534964 0.0483253214416443 0.18395299420412 0.13901038622205 0.114359241322798 0.27368396114791 0.0992507797816256 0.0950467947134197
10 5 0.000346001776699653 -0.00332889556659751 -0.00113613792364873 0.0283172456114832 0.00489579320471875 -0.00424537748214468 0.947455551099537 -0.224999004043576 -0.101610932514843 0.0769630459841835 0.0417792492129645 0.0221319567102693 0.0969936243293037 0.11074336108604 0.0804074397369898 0.273873084890609 0.0944972870268755 0.0935696671055087
11 5 -0.0017522356788926 -0.000698028651987829 -0.00141719817767902 0.00298404800487774 -0.00935179651256099 -0.00529694833808036 0.967906991173246 -0.202087705302839 -0.0649750019169052 0.0282256062037543 0.0119029839877719 0.0195592241436122 0.0711378656164604 0.0938658051961908 0.0491350931179512 0.24509453317298 0.090613221148295 0.074048531862138
12 5 -0.000596103610371916 -0.000163570148823074 -0.000697500403620016 0.00573411396368508 -0.00511915825232 -0.000954829638688173 0.967512329647091 -0.187171803325337 -0.0601867902167403 0.0130229978663048 0.015206691052797 0.00841268427656443 0.0303254998639957 0.0543498838233165 0.0111513129109937 0.243161991051747 0.0901809429756202 0.0920248950506195
13 5 -0.000286422450699488 -0.0010391303149062 0.00100488497611086 0.000376438083168642 0.00142528309840625 -0.00136956027061385 0.966192992887931 -0.196012928956556 -0.0524449106925647 0.0086441563128883 0.0201105123764221 0.0164464683410295 0.0304389965443796 0.0323645781001212 0.0301590330518106 0.227715597963057 0.0890686123279828 0.0864478599350265
14 5 -0.00134119796714175 0.000800604900739872 0.000300396332592031 0.00721428090712801 -0.00347055071853665 -0.001936844619929 0.963498485866477 -0.175384274279318 -0.0266728556988189 0.0120159210417314 0.0123166023202796 0.0100361452082704 0.0330142464720372 0.0631395809748562 0.0358442702465392 0.194458167108391 0.0842860523631664 0.0818937881167325
15 5 -0.00289257536498149 0.000372504654940562 0.000100112487798751 -0.00196520219412258 -0.00339733925082838 -0.00334614693546258 0.959307350430948 -0.160974034702645 0.00978434525604914 0.0140741681076487 0.0202234946830394 0.0142454489649492 0.0297018033349713 0.0161083730673293 0.0227544979820695 0.154677385497442 0.108891761447673 0.0619303698258141
16 5 -0.000458093408655872 0.000227470623745361 0.000401951814783887 -0.00187489103178306 -0.000504165394067627 -0.00054235705838553 0.958669664343262 -0.155721257545667 0.00932138292372119 0.0102129827265159 0.00790625147970702 0.0105364528171988 0.0126274706652561 0.0229416707977364 0.0310425440881691 0.120624682619285 0.0969633797323154 0.084474543156512
17 5 1.86208670468802e-05 0.000471529579937332 0.000965574809526721 -0.000366272059123568 -0.00115739937356745 -0.000796935825815755 0.968257542929687 -0.130718854136089 0.0384717413697331 0.00453797806661654 0.0132305222896952 0.0112856287922244 0.0223046788093476 0.0279024621681845 0.0125384099542819 0.105902664748384 0.123571403450194 0.0599932867295952
18 5 -0.000142288248920489 0.000947840938021521 0.00104256633825501 -0.000354339038663031 -0.000673861836925708 -0.000131252881615389 0.979280929554835 -0.122759477700822 0.0571051202424631 0.0230216308747812 0.0112109841069093 0.0191798927730758 0.0102835698518818 0.0127983594689472 0.0134918409202251 0.0596099435934409 0.1133340948691 0.0486377102561047
19 5 -0.000248093061845713 -0.000593897360074575 0.000245052214491867 0.00496473136979691 0.00174197154438546 0.00147757332491766 0.987981259254808 -0.0898841467148027 0.0622998379531901 0.0136639069081804 0.0168478740114318 0.0171698954009574 0.0289486689931604 0.0395166494959021 0.011503803903878 0.0441606333581806 0.09155887738855 0.0574021592615196
20 5 -0.00024146707805624 -0.00019062712515642 -0.000361105638859275 0.00234963652090307 0.00122531878720583 0.000459643106303285 0.997911821274038 -0.058097762021988 0.0746451246313151 0.00600788600313026 0.0199418645848497 0.0201828421330632 0.0409830513600907 0.0287205554203645 0.0112916853561943 0.0456172107514167 0.0802376618598017 0.0688190359570435
21 5 -0.000436913996084922 -0.00236872820439727 5.58280535035156e-05 0.000542940562080851 0.00230321117363648 0.00509093400477109 1.00590662542187 -0.0439871674958531 0.100170327808001 0.00786894972750007 0.0318027129014404 0.0143301777028902 0.046601216388797 0.0572780425428583 0.0522641667950443 0.0335423687758493 0.100316330955678 0.0655942947581369
22 5 -0.000935751191166532 0.00120291973553116 0.00261452886377583 0.00229710765617063 0.00477970600022341 0.000174700604571787 1.01337301669607 0.0260861999278478 0.140024539301586 0.01285044716152 0.0579241818088816 0.0309746651819242 0.0581900249230366 0.0484153124184729 0.0719098800407102 0.0148518980582024 0.0618918092671848 0.0519503198838016
23 5 0.000997830503452803 -1.89792459431796e-05 0.00450187598064348 0.00525149243077728 0.00328106975951587 0.0135940633733462 1.01168913172123 0.0764653351445932 0.156240066405347 0.017778256974623 0.0538815461167509 0.0543050191849827 0.110083591659996 0.112603638473759 0.112487068127719 0.0167756143206361 0.0415825233082598 0.051652463091241
24 5 -0.000614084081252447 0.00527784254132904 0.000746430809183824 0.0196944283841808 -0.00123031577603596 0.00487460841744301 1.01763989651884 0.120280200125767 0.201176483750248 0.0405308859805862 0.107885594819449 0.0753168144696747 0.216476324592652 0.201560708396118 0.208949671698382 0.022656392544034 0.0586976531449525 0.0268876691428268
25 5 0.00195881342216027 -0.000453442004458193 0.00271208744477629 0.0282294514686409 0.0044392242259887 0.0214843412952924 1.02090225964949 0.27157187590031 0.232550113261955 0.0633877768217023 0.140996661153409 0.109335473823064 0.313652485443706 0.290964312093483 0.20765587103679 0.0245038339650977 0.0128237896661147 0.0470106997246263
26 5 0.00496920825962532 -8.53655891895482e-05 0.00302091313086782 0.0631509134410832 0.0170369822264348 0.0186237325711381 0.999287216142314 0.435794833272371 0.31293449899053 0.168691222444078 0.150478823613136 0.12303997189215 0.359311032650102 0.388932768186533 0.253056590962818 0.105960135889741 0.00989356393468277 0.0385080805846472
27 5 0.00618866539776465 0.00246186076019141 0.00460313065348418 0.0727100517049902 0.0242654104201146 0.0206152765873691 0.987733755361328 0.585793703740234 0.50611400081334 0.221651466970389 0.163141807758207 0.129799184024216 0.437927367113423 0.445640088998347 0.276346672423063 0.230499253972366 0.0068463782295462 0.0133765175858493
28 5 0.00229700376876978 0.00490146160583762 0.00287544812295728 0.0789096026112015 0.0154741956144047 0.0378308770583916 0.983037777096519 0.740350464885285 0.643109573477057 0.247672211467509 0.165437291845476 0.137109452563932 0.464815150779449 0.470222956222965 0.312074416874709 0.253614677796858 0.0102149871978464 0.0100793645720763
29 5 0.0029161274096262 0.000653330327081731 -0.00143147042838774 0.121333834477393 0.0101725158335697 0.0170781237059736 0.990168722920673 0.840004574387019 0.779275165853365 0.275822036793344 0.167738523811672 0.150343523833139 0.484753001591599 0.461050059986051 0.350436015812894 0.269357765074064 0.00641457601146441 0.0067454506566956
30 5 0.000322852536606197 0.00810045936812195 0.00226450251323358 0.138945675040257 0.0185987947547219 0.0202467506157799 0.991152171302966 0.947540029528602 0.870580697974047 0.302876037643292 0.173815837107232 0.162986283455544 0.532269632222626 0.5314439541022 0.3951962055697 0.314616287766555 0.0053565639048286 0.00772164206078871
1 6 -0.0103560185416374 -0.00517071619905762 -0.00850560375470059 -0.273530980014383 -0.0221826053402344 -0.0363824478392824 -0.14501913825944 -0.271758252396527 -0.466534745918424 0.345401675252465 0.196571401314405 0.170334605105053 0.614252399317062 0.579625713539165 0.394513491193646 0.015913104296741 0.202758776017164 0.150553978370035
2 6 0.00169519944283131 -0.00829719146678819 -0.0057540726136616 -0.155775577339352 -0.0156823196722888 -0.02609664815091 -0.0239889570329486 -0.270974897015595 -0.326369636717028 0.302613766851666 0.177948689415955 0.144430768655504 0.521161787752529 0.601305500250255 0.332748343136232 0.00803382540009532 0.181604520929723 0.141703375870539
3 6 -0.00234494912847714 -0.00436642615183709 0.000750282625378279 -0.0977195875237027 -0.0112478719602334 -0.01742517872769 0.0522794037829407 -0.306494443933198 -0.275177855943953 0.287510071445477 0.159614362044315 0.146714490853959 0.471848060037139 0.451299755704329 0.341264751040502 0.0123716702503144 0.134458063955181 0.120321545747485
4 6 -0.00186929760912037 0.000327400877975984 0.000222206699065538 -0.0920026097999132 -0.0264532758689702 -0.0328880370241319 0.115189731184505 -0.273287041866862 -0.24260778936872 0.258849782915293 0.144304874280527 0.131522002185169 0.48116753046236 0.49793991857001 0.303441152881507 0.0121788696234363 0.147946929824732 0.0941106839028655
5 6 0.000247083792050568 -0.00383106644616229 -0.00514612312092921 -0.0771763722808239 -0.00451387701158262 -0.0209219826060488 0.184317166130445 -0.251596813591939 -0.216544646117376 0.254254569362439 0.151920170475969 0.101799239561607 0.41567803210932 0.429623158636673 0.281946897152614 0.00776370844799827 0.132352783842619 0.0986464988540542
6 6 0.00131256452610955 -0.000713601310600521 0.00229443256928628 -0.0645903079224826 -0.0345687166739219 -0.0238562159389983 0.273277454767361 -0.248639969502988 -0.177562222475036 0.248028870177877 0.139847099975624 0.10632201710591 0.376424882884562 0.303550785463995 0.228649450018448 0.0143801441051981 0.13784070834584 0.109630627750909
7 6 -0.00422517979019372 -0.000325483983194356 -0.00442108220274255 -0.0388927362156378 -0.0144243661424474 -0.00656858414182876 0.789304291491869 -0.266184389639381 -0.13580293480786 0.230553647132365 0.0844384601397059 0.0861376054069034 0.326635542445621 0.301762410335067 0.264411389758969 0.241020130850394 0.111996365373772 0.110357660356565
8 6 -0.0012732570357469 -0.0032269769211729 -0.00172754459662833 -0.0143620323276517 -0.00685576765087569 -0.00323404948376838 0.907791406560202 -0.245332988639332 -0.120780189660007 0.204822007295715 0.0769109289207515 0.0483180408402725 0.245845535783795 0.262654574860401 0.177801568287859 0.247956461617111 0.120597560809055 0.0840967787764816
9 6 -0.00497778421401259 0.000401952847213759 -0.00128237459706445 -0.0160909927104798 -0.0049459944470204 -0.0167367785192262 0.971692348046875 -0.211245959560299 -0.138218465441642 0.167459883604183 0.0222691501706451 0.0304974468781035 0.216017156806647 0.1397140280308 0.101305662002125 0.298660494607683 0.103653440579008 0.0793628060690003
10 6 -0.00411263434730432 -0.000647548356480035 0.000235197460384424 -0.0179095762778126 -0.00120626463529782 -0.00315941351945561 0.962101396661706 -0.210776481861584 -0.0987673686543601 0.0946998459298458 0.026817173675043 0.0345058944340917 0.097540531737264 0.121927374078317 0.0566513576964631 0.26938851315855 0.103465627382678 0.0938650225925461
11 6 4.29854016158609e-05 -0.000317415356345946 -0.000419351572686763 0.000674306913892541 -0.00193146053103906 0.000489023742636056 0.923654874793632 -0.201130355318072 -0.0559429090968603 0.0351389832758402 0.0121554494865909 0.0231117338226918 0.0507500238898056 0.0292699872914728 0.0391426984148262 0.196907106201051 0.0877582743412311 0.0933323440793369
12 6 -0.000794392412763633 -2.39947930572396e-05 -0.000946594406300802 0.00106211045307825 -0.00689731071162695 -0.00433673505578928 0.953409486523437 -0.191614625473776 -0.0704797761852555 0.0166231260048495 0.0122567827701063 0.0300103327162114 0.0544659633611201 0.0414389645412814 0.0370573954174697 0.209784016304064 0.082085998084133 0.102022544402089
13 6 -0.000303400799142263 -0.000344939680873948 0.00261579071142248 0.00975626017033115 0.000312650932216872 5.820822936942e-05 0.97493436313101 -0.177429103480814 -0.00211811169314303 0.0108331462299488 0.00879831300073501 0.0231985246147651 0.0469523322000928 0.031204221894665 0.0211309117344282 0.254030530582823 0.0942355543498108 0.0854337961557737
14 6 -0.000407532644770006 -7.06848747908761e-05 -0.000293817885115541 -0.00282559799020622 -0.000618208220150391 -0.00163765723633901 0.96545912875279 -0.189910995184961 -0.0212854751191867 0.00949225468395973 0.0206104339041366 0.0225427322780088 0.018676579228654 0.0283190826115047 0.0186324604710085 0.196033608172597 0.0918755773108352 0.0727969029882333
15 6 -0.000995272773318906 0.000270625031314219 0.000219289966661734 -0.00188808900420094 -0.00126518588189805 -0.000110933399404875 0.96368361990625 -0.161673403712442 -0.00122294895172847 0.00570392405641304 0.00581403493774812 0.00781653181477338 0.018868940102441 0.0221058188753746 0.00966763383734312 0.13594046088343 0.105048836360427 0.0626062544620526
16 6 0.000165833617741915 -0.000623332904395258 0.00065388172182907 -0.00797226079445354 -0.00207856756452716 -0.00139856794986042 0.960834789144259 -0.127610844981491 0.0192051141265425 0.00971836796530892 0.0113148147312182 0.0127818499157277 0.034146726031712 0.0264641766580674 0.0203832297901228 0.0931792651624313 0.0924929092937409 0.0632854378350295
17 6 -7.46364919147365e-05 0.000407198202813419 -0.000296079023846952 -0.00368904992047817 -0.000213341449732583 0.00257083945441235 0.967381625689338 -0.139280169360401 0.0442455637762056 0.00806711448971063 0.00943270308574058 0.0167907962983506 0.0442805014375114 0.0344378591257267 0.0201869466964732 0.111251391929916 0.106814962370792 0.0481185929883553
18 6 -0.000127168992563368 -3.19282467684462e-05 0.00143151988524555 -0.00026138663705141 -0.00161909087003993 -0.00118947936327688 0.976247000195313 -0.125446515363837 0.050868990387181 0.00448501137814519 0.0125454352484844 0.0150835257035592 0.0207075404810083 0.0481136918144304 0.014704451960811 0.077532556316454 0.112239799310754 0.0522754812073209
19 6 -0.000110597495327232 0.000569813600718862 8.17428225010267e-05 -0.000347408963436947 0.00147487198387413 0.00183811217655167 0.986105449832589 -0.0796748899873259 0.0712923737493839 0.00862784420484115 0.0216469762457296 0.0213718461682045 0.0254960854928934 0.0314723942157322 0.027924963918053 0.0585475665282836 0.0886469327657529 0.0635415240759004
20 6 2.18056927202905e-05 0.00162495828817502 -0.000442165212945313 0.00417082981929038 0.000341043050941813 -0.00168106416657839 1.00023248885343 -0.0672540700943629 0.0928853286304467 0.00482998306536113 0.0145144547178859 0.0234324001125385 0.0285772872808793 0.032430914299992 0.0216890110702238 0.0399276588195694 0.0979518905098788 0.0578597215232556
21 6 -0.000253278419461135 2.85958935592819e-05 0.000303107239805968 0.00736069595092719 0.00160053586731278 0.00014272218365512 1.0060137970256 -0.0534598255027513 0.0818089005881212 0.00950457917788592 0.0320739851159489 0.017283442764825 0.0795797650021639 0.047192653441959 0.0549476605017677 0.0332698843637501 0.105632634870538 0.0678624416660279
22 6 -0.000436330548780087 -0.000812208887486111 -0.000347541692872483 -0.00269387073886537 -0.00222298433900851 0.00238972488761613 1.01242605734375 0.0104596391017434 0.10907502945826 0.0103754789212459 0.0441706465921642 0.0325548195811477 0.0783973019888024 0.0880689683003188 0.112738770811864 0.0125197558523244 0.0740446431041205 0.0675181876955591
23 6 -0.000368672735975467 0.000677563982916558 0.000173605781545682 0.0113622626039774 -0.00133501963481337 -0.00103943644313802 1.01494911473741 0.0538679096610688 0.157099428150551 0.0167002506708197 0.0683875915348438 0.0561678722738558 0.131095235423989 0.177622048031752 0.188177415012706 0.0182388596047853 0.0610282988152265 0.0550946022048014
24 6 0.000677815488672201 0.000519556420043186 0.00235730995919566 0.0393831670196918 0.020632209810472 0.00661911639452604 1.01902942137587 0.134763398347249 0.189814618228401 0.0173164304202206 0.10979143364512 0.0899493009854515 0.272763444155893 0.308594383017156 0.21509260006072 0.0219201050157826 0.0595920638623001 0.0416158906582188
25 6 0.000662136697576626 -0.00438808663961291 0.00298387216572464 0.0247859341956924 -0.00523180732813645 0.0201961962165571 1.01959335131635 0.303692458395398 0.251831994997267 0.0999520058953434 0.135156252148961 0.102527110898516 0.323048714105675 0.335245472912986 0.213636149012255 0.0181151524999621 0.0186847593819503 0.044057152111413
26 6 -0.00182605880261904 -0.00222198883171824 0.00233500351164988 0.00973005873358882 0.00492546576020066 0.0247646528491535 1.00102018111637 0.468996890329544 0.367884931526306 0.205393544566486 0.154405944604784 0.117111081775922 0.398373930332191 0.397875552175783 0.259777273977787 0.143118817005563 0.0105781862886465 0.0286481010707416
27 6 0.00443934377625739 -0.00223140763529888 -0.000432906031422086 0.0592733267598292 0.0369229553563883 0.028636655450891 0.986853099862753 0.590883305226403 0.514352348141322 0.238888498468083 0.157272204001447 0.139015939777717 0.45250160842112 0.394007864905889 0.279180904237957 0.256735761665142 0.00974994114985586 0.0168400221001539
28 6 0.00205151253593457 0.00320586766165312 0.00107955365862598 0.109542815564179 0.0303518024289579 0.0362065306358552 0.979054642324219 0.768232152099609 0.660293362041016 0.23980236322274 0.168142496060614 0.138517286669794 0.480278633470907 0.457295940287282 0.301311966112933 0.266593714085508 0.00642043290930467 0.00712251422743999
29 6 0.0017134550888236 -0.00692114496661232 0.00795206294490331 0.157508330727082 0.00994550192459239 0.039224735752423 0.98542007270154 0.854422649037591 0.791514679234602 0.254070911398022 0.184330619401926 0.130336070779794 0.469446354053542 0.508308849543685 0.342487830746812 0.261095533347062 0.00707919294235116 0.00863685528909197
30 6 -0.000993744772705357 0.00484136442566016 -3.22825996185605e-05 0.173006112355906 0.0022043765637567 0.0111748284136205 0.991441240658482 0.954952548794643 0.882427995870536 0.314009187572362 0.187390019783208 0.16519547402295 0.536323200055611 0.667678331236566 0.404517817025245 0.317885171447943 0.00823217737503261 0.00941144593487261
